Time,Col2,Col3,Position,Col5
0.008,,,,-0.0001445568687443586
0.016,,,,-0.0001445568687443586
0.024,,,,-0.00013882719362693431
0.032,,,,-0.0001330873954085959
0.04,,,,-0.0001330873954085959
0.048,,,,-0.0001330873954085959
0.056,,,,-0.0001273577202911716
0.064,,,,-0.0001273577202911716
0.072,,,,-0.0001273577202911716
0.08,,,,-0.0001273577202911716
0.088,,,,-0.0001273577202911716
0.096,,,,-0.0001273577202911716
0.104,,,,-0.0001216280451737473
0.112,,,,-0.0001216280451737473
0.12,,,,-0.0001216280451737473
0.128,,,,-0.0001216280451737473
0.136,,,,-0.0001216280451737473
0.144,,,,-0.0001216280451737473
0.152,,,,-0.0001216280451737473
0.16,,,,-0.0001216280451737473
0.168,,,,-0.0001216280451737473
0.176,,,,-0.0001216280451737473
0.184,,,,-0.0001216280451737473
0.192,,,,-0.0001216280451737473
0.2,,,,-0.0001216280451737473
0.208,,,,-0.0001216280451737473
0.216,,,,-0.0001216280451737473
0.224,,,,-0.0001216280451737473
0.232,,,,-0.0001216280451737473
0.24,,,,-0.0001216280451737473
0.248,,,,-0.0001216280451737473
0.256,,,,-0.0001216280451737473
0.264,,,,-0.0001216280451737473
0.272,,,,-0.0001216280451737473
0.28,,,,-0.0001216280451737473
0.288,,,,-0.0001216280451737473
0.296,,,,-0.0001216280451737473
0.304,,,,-0.0001216280451737473
0.312,,,,-0.0001216280451737473
0.32,,,,-0.0001216280451737473
0.328,,,,-0.0001216280451737473
0.336,,,,-0.0001216280451737473
0.344,,,,-0.0001216280451737473
0.352,,,,-0.0001216280451737473
0.36,,,,-0.0001216280451737473
0.368,,,,-0.0001216280451737473
0.376,,,,-0.0001216280451737473
0.384,,,,-0.0001216280451737473
0.392,,,,-0.0001216280451737473
0.4,,,,-0.0001216280451737473
0.408,,,,-0.0001216280451737473
0.416,,,,-0.0001216280451737473
0.424,,,,-0.0001216280451737473
0.432,,,,-0.0001216280451737473
0.44,,,,-0.0001216280451737473
0.448,,,,-0.0001216280451737473
0.456,,,,-0.0001216280451737473
0.464,,,,-0.0001216280451737473
0.472,,,,-0.0001216280451737473
0.48,,,,-0.0001216280451737473
0.488,,,,-0.0001216280451737473
0.496,,,,-0.0001216280451737473
0.504,,,,-0.0001216280451737473
0.512,,,,-0.0001216280451737473
0.52,,,,-0.0001216280451737473
0.528,,,,-0.0001216280451737473
0.536,,,,-0.0001216280451737473
0.544,,,,-0.0001216280451737473
0.552,,,,-0.0001216280451737473
0.56,,,,-0.0001216280451737473
0.568,,,,-0.0001216280451737473
0.576,,,,-0.0001216280451737473
0.584,,,,-0.0001216280451737473
0.592,,,,-0.0001216280451737473
0.6,,,,-0.0001216280451737473
0.608,,,,-0.0001216280451737473
0.616,,,,-0.0001216280451737473
0.624,,,,-0.0001216280451737473
0.632,,,,-0.0001216280451737473
0.64,,,,-0.0001216280451737473
0.648,,,,-0.0001216280451737473
0.656,,,,-0.0001216280451737473
0.664,,,,-0.0001216280451737473
0.672,,,,-0.0001216280451737473
0.68,,,,-0.0001216280451737473
0.688,,,,-0.0001216280451737473
0.696,,,,-0.0001216280451737473
0.704,,,,-0.0001216280451737473
0.712,,,,-0.0001216280451737473
0.72,,,,-0.0001216280451737473
0.728,,,,-0.0001216280451737473
0.736,,,,-0.0001216280451737473
0.744,,,,-0.0001216280451737473
0.752,,,,-0.0001216280451737473
0.76,,,,-0.0001216280451737473
0.768,,,,-0.0001216280451737473
0.776,,,,-0.0001216280451737473
0.784,,,,-0.0001216280451737473
0.792,,,,-0.0001216280451737473
0.8,,,,-0.0001216280451737473
0.808,,,,-0.0001216280451737473
0.816,,,,-0.0001216280451737473
0.824,,,,-0.0001216280451737473
0.832,,,,-0.0001216280451737473
0.84,,,,-0.0001216280451737473
0.848,,,,-0.0001216280451737473
0.856,,,,-0.0001216280451737473
0.864,,,,-0.0001216280451737473
0.872,,,,-0.0001216280451737473
0.88,,,,-0.0001216280451737473
0.888,,,,-0.0001216280451737473
0.896,,,,-0.0001216280451737473
0.904,,,,-0.0001216280451737473
0.912,,,,-0.0001216280451737473
0.92,,,,-0.0001216280451737473
0.928,,,,-0.0001216280451737473
0.936,,,,-0.0001216280451737473
0.944,,,,-0.0001216280451737473
0.952,,,,-0.0001216280451737473
0.960001,,,,-0.0001216280451737473
0.968001,,,,-0.0001216280451737473
0.976001,,,,-0.0001216280451737473
0.984001,,,,-0.0001216280451737473
0.992001,,,,-0.0001216280451737473
1.000001,,,,-0.0001216280451737473
1.008001,,,,-0.0001216280451737473
1.016001,,,,-0.0001216280451737473
1.024001,,,,-0.0001216280451737473
1.032001,,,,-0.0001216280451737473
1.040001,,,,-0.0001216280451737473
1.048001,,,,-0.0001216280451737473
1.056001,,,,-0.0001216280451737473
1.064001,,,,-0.0001216280451737473
1.072001,,,,-0.0001216280451737473
1.080001,,,,-0.0001216280451737473
1.088001,,,,-0.0001216280451737473
1.096001,,,,-0.0001216280451737473
1.104001,,,,-0.0001216280451737473
1.112001,,,,-0.0001216280451737473
1.120001,,,,-0.0001216280451737473
1.128001,,,,-0.0001216280451737473
1.136001,,,,-0.0001216280451737473
1.144001,,,,-0.0001216280451737473
1.152001,,,,-0.0001216280451737473
1.160001,,,,-0.0001216280451737473
1.168001,,,,-0.0001216280451737473
1.176001,,,,-0.0001216280451737473
1.184001,,,,-0.0001216280451737473
1.192001,,,,-0.0001216280451737473
1.200001,,,,-0.0001216280451737473
1.208001,,,,-0.0001216280451737473
1.216001,,,,-0.0001216280451737473
1.224001,,,,-0.0001216280451737473
1.232001,,,,-0.0001216280451737473
1.240001,,,,-0.0001216280451737473
1.248001,,,,-0.0001216280451737473
1.256001,,,,-0.0001216280451737473
1.264001,,,,-0.0001216280451737473
1.272001,,,,-0.0001216280451737473
1.280001,,,,-0.0001216280451737473
1.288001,,,,-0.0001216280451737473
1.296001,,,,-0.0001216280451737473
1.304001,,,,-0.0001216280451737473
1.312001,,,,-0.0001216280451737473
1.320001,,,,-0.0001216280451737473
1.328001,,,,-0.0001216280451737473
1.336001,,,,-0.0001216280451737473
1.344001,,,,-0.0001216280451737473
1.352001,,,,-0.0001216280451737473
1.360001,,,,-0.0001216280451737473
1.368001,,,,-0.0001216280451737473
1.376001,,,,-0.0001216280451737473
1.384001,,,,-0.0001216280451737473
1.392001,,,,-0.0001216280451737473
1.400001,,,,-0.0001216280451737473
1.408001,,,,-0.0001216280451737473
1.416001,,,,-0.0001216280451737473
1.424001,,,,-0.0001216280451737473
1.432001,,,,-0.0001216280451737473
1.440001,,,,-0.0001216280451737473
1.448002,,,,-0.0001216280451737473
1.456002,,,,-0.0001216280451737473
1.464002,,,,-0.0001216280451737473
1.472002,,,,-0.0001216280451737473
1.480002,,,,-0.0001216280451737473
1.488002,,,,-0.0001216280451737473
1.496002,,,,-0.0001216280451737473
1.504002,,,,-0.0001216280451737473
1.512002,,,,-0.0001216280451737473
1.520002,,,,-0.0001216280451737473
1.528002,,,,-0.0001216280451737473
1.536002,,,,-0.0001216280451737473
1.544002,,,,-0.00011589837005632304
1.552002,,,,-0.0001044288967205603
1.560002,,,,-0.00004711189934448915
1.568002,,,,-0.000018453400656453575
1.576002,,,,0.00008472124386084018
1.584002,,,,0.00013057889100206278
1.592002,,,,0.0002624120342073921
1.600002,,,,0.0003082595582477005
1.608002,,,,0.00044009270145302983
1.616002,,,,0.0004802206734768281
1.624002,,,,0.0005776656428766975
1.632002,,,,0.0006063241415647331
1.640002,,,,0.0006865699625114156
1.648002,,,,0.0007152284611994512
1.656002,,,,0.0007954742821461336
1.664002,,,,0.0008241327808341692
1.672002,,,,0.0009215777502340388
1.680002,,,,0.0009502362489220744
1.688002,,,,0.001053410893439368
1.696002,,,,0.0010935287423622523
1.704002,,,,0.0012081728602153085
1.712002,,,,0.0012482907091381928
1.720002,,,,0.0013743941772260976
1.728002,,,,0.001414522149249896
1.736002,,,,0.0015291561440020382
1.744002,,,,0.0015692739929249223
1.752002,,,,0.0016781884356605547
1.760002,,,,0.0017125766094660145
1.768002,,,,0.0018100215788658842
1.776002,,,,0.0018501394277887682
1.784002,,,,0.001959043747423486
1.792002,,,,0.0019991717194472844
1.800002,,,,0.002119535389316851
1.808002,,,,0.0021596633613406497
1.816002,,,,0.0022742973560927913
1.824002,,,,0.00231442532811659
1.832002,,,,0.002429059322868732
1.840002,,,,0.0024634474966741923
1.848002,,,,0.0025723619394098247
1.856002,,,,0.002606750113215284
1.864002,,,,0.0027156544328500024
1.872002,,,,0.0027557824048738007
1.880002,,,,0.0028704163996259428
1.888002,,,,0.002910534248548827
1.896002,,,,0.0030251783664018836
1.904002,,,,0.003065296215324768
1.912002,,,,0.003179940333177824
1.920002,,,,0.003214328506983284
1.928002,,,,0.003328962501735426
1.936002,,,,0.0033633607986418
1.944003,,,,0.0034779947933939424
1.952003,,,,0.0035181126423168264
1.960003,,,,0.003632756760169883
1.968003,,,,0.003672874609092767
1.976003,,,,0.0037932484020632476
1.984003,,,,0.003833366250986132
1.992003,,,,0.003948010368839188
2.000003,,,,0.003982398542644648
2.008003,,,,0.0040970426604977055
2.016002,,,,0.004137160509420589
2.024002,,,,0.004246064829055308
2.032002,,,,0.004280453002860767
2.040002,,,,0.004400826795831247
2.048002,,,,0.004440954767855046
2.056002,,,,0.0045555887626071885
2.064002,,,,0.004595706611530073
2.072002,,,,0.004710350729383129
2.080002,,,,0.004750468578306013
2.088001,,,,0.004870842371276493
2.096001,,,,0.0049052305450819535
2.104001,,,,0.00501987466293501
2.112001,,,,0.005059992511857894
2.120001,,,,0.005174626506610037
2.128001,,,,0.005214754478633834
2.136001,,,,0.005329388473385976
2.144001,,,,0.0053695164454097746
2.152001,,,,0.0054898801152793416
2.160001,,,,0.005530008087303139
2.168,,,,0.005650381880273621
2.176,,,,0.00568477005407908
2.184,,,,0.005799404048831222
2.192,,,,0.005839532020855021
2.2,,,,0.0059541660156071635
2.208,,,,0.005994293987630962
2.216,,,,0.006114657657500528
2.224,,,,0.006154785629524327
2.232,,,,0.006275149299393892
2.24,,,,0.006315277271417691
2.247999,,,,0.0064356409412872585
2.255999,,,,0.006475768913311057
2.263999,,,,0.006590402908063199
2.271999,,,,0.006630530880086996
2.279999,,,,0.006745164874839139
2.287999,,,,0.006785292846862938
2.295999,,,,0.0069056565167325045
2.303999,,,,0.006945784488756302
2.311999,,,,0.007060418483508444
2.319999,,,,0.007100546455532243
2.327998,,,,0.00722091012540181
2.335998,,,,0.0072610380974256076
2.343998,,,,0.00737567209217775
2.351998,,,,0.007415800064201549
2.359998,,,,0.007536163734071115
2.367998,,,,0.007576291706094912
2.375998,,,,0.007690925700847055
2.383998,,,,0.007731053672870854
2.391998,,,,0.00785141734274042
2.399997,,,,0.00789154531476422
2.407997,,,,0.008011908984633786
2.415997,,,,0.008052036956657585
2.423997,,,,0.00817240062652715
2.431997,,,,0.008212528598550949
2.439997,,,,0.008327162593303091
2.447997,,,,0.00836729056532689
2.455997,,,,0.008481924560079032
2.463997,,,,0.00852205253210283
2.471997,,,,0.00863668652685497
2.479996,,,,0.00867681449887877
2.487996,,,,0.008791448493630913
2.495996,,,,0.008831576465654712
2.503996,,,,0.008951940135524276
2.511996,,,,0.008992068107548075
2.519996,,,,0.009106702102300218
2.527996,,,,0.009146830074324017
2.535996,,,,0.00926146406907616
2.543996,,,,0.009301581917999043
2.551996,,,,0.009421955710969524
2.559995,,,,0.009462083682993323
2.567995,,,,0.009582447352862889
2.575995,,,,0.009622575324886687
2.583995,,,,0.009742938994756253
2.591995,,,,0.009783066966780052
2.599995,,,,0.009897700961532195
2.607995,,,,0.00993782893355599
2.615995,,,,0.010052462928308135
2.623995,,,,0.01009258077723102
2.631994,,,,0.010207224895084075
2.639994,,,,0.010247342744006962
2.647994,,,,0.01036771653697744
2.655994,,,,0.010407834385900323
2.663994,,,,0.01053393785398823
2.671994,,,,0.010574065826012028
2.679994,,,,0.010694429495881595
2.687994,,,,0.010734557467905392
2.695994,,,,0.010854921137774958
2.703994,,,,0.010895049109798757
2.711993,,,,0.01101542290276924
2.719993,,,,0.011055540751692123
2.727993,,,,0.011170174746444264
2.735993,,,,0.011210302718468063
2.743993,,,,0.011336406186555967
2.751993,,,,0.011382263833697191
2.759993,,,,0.011519826652019944
2.767993,,,,0.01155994450094283
2.775993,,,,0.011691777644148159
2.783993,,,,0.011731905616171956
2.791992,,,,0.01185800908425986
2.799992,,,,0.011898126933182745
2.807992,,,,0.012012760927934886
2.815992,,,,0.012052888899958687
2.823992,,,,0.01217899236804659
2.831992,,,,0.012219110216969474
2.839992,,,,0.012345213685057381
2.847992,,,,0.012385341657081177
2.855992,,,,0.012505705326950747
2.863991,,,,0.012545833298974542
2.871991,,,,0.012660467293726687
2.879991,,,,0.012700595265750483
2.887991,,,,0.012820958935620052
2.895991,,,,0.012861086907643848
2.903991,,,,0.012981450577513414
2.911991,,,,0.013015848874419788
2.919991,,,,0.013136212544289358
2.927991,,,,0.013170610841195729
2.935991,,,,0.013290974511065297
2.94399,,,,0.013331102483089094
2.95199,,,,0.013451466152958662
2.95999,,,,0.013485864449865034
2.96799,,,,0.013606228119734602
2.97599,,,,0.013640616293540062
2.98399,,,,0.013760990086510543
2.99199,,,,0.013801107935433427
2.99999,,,,0.013921481728403908
3.00799,,,,0.013961609700427705
3.01599,,,,0.014087703045414695
3.023989,,,,0.014127831017438496
3.031989,,,,0.014248194687308062
3.039989,,,,0.01428832265933186
3.047989,,,,0.014402956654084
3.055989,,,,0.014443084626107801
3.063989,,,,0.014563448295977366
3.071989,,,,0.014603576268001166
3.079989,,,,0.014723950060971646
3.087989,,,,0.014758338234777107
3.095989,,,,0.014872972229529248
3.103988,,,,0.014913100201553047
3.111988,,,,0.015033463871422613
3.119988,,,,0.015073591843446412
3.127988,,,,0.015193955513315977
3.135988,,,,0.015234083485339778
3.143988,,,,0.015348717480091919
3.151988,,,,0.015388845452115716
3.159988,,,,0.015509209121985284
3.167988,,,,0.015549337094009083
3.175987,,,,0.015663971088761223
3.183987,,,,0.015709828735902445
3.191987,,,,0.01582446273065459
3.199987,,,,0.01586459070267839
3.207987,,,,0.015984964495648867
3.215987,,,,0.01601935266945433
3.223987,,,,0.016139716339323894
3.231987,,,,0.016174114636230266
3.239987,,,,0.01628874863098241
3.247987,,,,0.01632313680478787
3.255986,,,,0.016437780922640928
3.263986,,,,0.01647789877156381
3.271986,,,,0.01659254288941687
3.279986,,,,0.01663266073833975
3.287986,,,,0.01674730485619281
3.295986,,,,0.01678742270511569
3.303986,,,,0.016907796498086176
3.311986,,,,0.01694791434700906
3.319986,,,,0.01706828813997954
3.327986,,,,0.017102676313784995
3.335985,,,,0.01721731030853714
3.343985,,,,0.01725743828056094
3.351985,,,,0.017377801950430507
3.359985,,,,0.017417929922454303
3.367985,,,,0.017532563917206447
3.375985,,,,0.017572691889230246
3.383985,,,,0.01769305555909981
3.391985,,,,0.017733183531123606
3.399985,,,,0.01785355732409409
3.407984,,,,0.017893675173016974
3.415984,,,,0.018008309167769118
3.423984,,,,0.018054166814910337
3.431984,,,,0.01817454060788082
3.439984,,,,0.018220398255022044
3.447984,,,,0.01834076192489161
3.455984,,,,0.01837515009869707
3.463984,,,,0.018501253566784975
3.471984,,,,0.01854138153880877
3.479984,,,,0.01866174520867834
3.487983,,,,0.018701873180702138
3.495983,,,,0.01881650717545428
3.503983,,,,0.018856635147478075
3.511983,,,,0.018976998817347646
3.519983,,,,0.019017126789371442
3.527983,,,,0.019131760784123587
3.535983,,,,0.019171888756147382
3.543983,,,,0.01929225242601695
3.551983,,,,0.019326650722923326
3.559983,,,,0.01944701439279289
3.567982,,,,0.019487142364816686
3.575982,,,,0.01960177635956883
3.583982,,,,0.01964190433159263
3.591982,,,,0.019762268001462198
3.599982,,,,0.019802395973485997
3.607982,,,,0.01992275964335556
3.615982,,,,0.019962887615379357
3.623982,,,,0.020077521610131502
3.631982,,,,0.0201176495821553
3.639982,,,,0.02023801325202487
3.647981,,,,0.020278141224048665
3.655981,,,,0.020392775218800806
3.663981,,,,0.02042716339260627
3.671981,,,,0.020541807510459326
3.679981,,,,0.02058192535938221
3.687981,,,,0.02070229915235269
3.695981,,,,0.020736687326158146
3.703981,,,,0.02085706111912863
3.711981,,,,0.020897178968051513
3.71998,,,,0.021011823085904574
3.72798,,,,0.021051940934827453
3.73598,,,,0.021172314727797938
3.74398,,,,0.021212432576720817
3.75198,,,,0.0213328063696913
3.75998,,,,0.021367194543496757
3.76798,,,,0.021487568336467245
3.77598,,,,0.021521956510272697
3.78398,,,,0.021636590505024842
3.79198,,,,0.021676718477048645
3.799979,,,,0.021791352471800782
3.807979,,,,0.021831480443824585
3.815979,,,,0.021946114438576726
3.823979,,,,0.021986242410600525
3.831979,,,,0.022100876405352663
3.839979,,,,0.022141004377376466
3.847979,,,,0.022255638372128603
3.855979,,,,0.02229575622105149
3.863979,,,,0.022410400338904547
3.871979,,,,0.02245051818782743
3.879978,,,,0.022565162305680488
3.887978,,,,0.02260528015460337
3.895978,,,,0.022719924272456428
3.903978,,,,0.02276004212137931
3.911978,,,,0.022874686239232372
3.919978,,,,0.02291480408815525
3.927978,,,,0.023029438082907392
3.935978,,,,0.02306956605493119
3.943978,,,,0.023184200049683332
3.951977,,,,0.02322432802170714
3.959977,,,,0.023338962016459273
3.967977,,,,0.02337908998848308
3.975977,,,,0.023493723983235217
3.983977,,,,0.023533851955259016
3.991977,,,,0.02365421562512858
3.999977,,,,0.023694343597152383
4.007977,,,,0.02382043694213937
4.015977,,,,0.023860564914163166
4.023977,,,,0.023980938707133654
4.031977,,,,0.024021056556056533
4.039977,,,,0.024141430349027014
4.047976,,,,0.024181548197949897
4.055976,,,,0.02430192199092038
4.063976,,,,0.024336310164725837
4.071976,,,,0.024456683957696325
4.079976,,,,0.024496801806619204
4.087976,,,,0.024617175599589685
4.095976,,,,0.024657293448512568
4.103976,,,,0.024783396916600472
4.111976,,,,0.024817785090405935
4.119976,,,,0.024938158883376412
4.127975,,,,0.024978276732299298
4.135975,,,,0.025092920850152352
4.143975,,,,0.02513303869907524
4.151975,,,,0.025247682816928293
4.159975,,,,0.02528780066585118
4.167975,,,,0.02540244478370424
4.175975,,,,0.02544256263262712
4.183975,,,,0.02555720675048018
4.191975,,,,0.02559732459940306
4.199975,,,,0.025717698392373544
4.207974,,,,0.025757816241296423
4.215974,,,,0.025878190034266904
4.223974,,,,0.025924037558307217
4.231974,,,,0.02603868167616027
4.239974,,,,0.026078799525083157
4.247974,,,,0.026199173318053635
4.255974,,,,0.026233561491859094
4.263974,,,,0.026353935284829575
4.271974,,,,0.02639405313375246
4.279974,,,,0.026508697251605515
4.287973,,,,0.0265488151005284
4.295973,,,,0.02666918889349888
4.303973,,,,0.026709306742421765
4.311973,,,,0.026829680535392246
4.319973,,,,0.026864068709197705
4.327973,,,,0.026978712827050767
4.335973,,,,0.027018830675973646
4.343973,,,,0.027139204468944127
4.351973,,,,0.02717359264274959
4.359972,,,,0.027293966435720074
4.367972,,,,0.027334084284642953
4.375972,,,,0.02745445807761343
4.383972,,,,0.027494575926536317
4.391972,,,,0.027609220044389378
4.399972,,,,0.027649337893312257
4.407972,,,,0.02776971168628274
4.415972,,,,0.027809829535205624
4.423972,,,,0.0279302033281761
4.431972,,,,0.027970321177098988
4.439971,,,,0.028096424645186892
4.447971,,,,0.02813655261721069
4.455971,,,,0.02825691628708026
4.463971,,,,0.028297044259104055
4.471971,,,,0.0284116782538562
4.479971,,,,0.02844606642766166
4.487971,,,,0.02856644022063214
4.495971,,,,0.028606558069555026
4.503971,,,,0.02872120218740808
4.511971,,,,0.028761320036330966
4.51997,,,,0.02887596415418402
4.52797,,,,0.028916082003106903
4.53597,,,,0.02903072612095996
4.54397,,,,0.029070843969882847
4.55197,,,,0.029191217762853328
4.55997,,,,0.029225605936658787
4.56797,,,,0.029345979729629268
4.57597,,,,0.029386097578552154
4.58397,,,,0.029500731573304295
4.591969,,,,0.029540859545328094
4.599969,,,,0.029655493540080236
4.607969,,,,0.029689891836986608
4.615969,,,,0.029810255506856176
4.623969,,,,0.02985038347887997
4.631969,,,,0.029965017473632116
4.639969,,,,0.030005145445655912
4.647969,,,,0.030125509115525483
4.655969,,,,0.03016563708754928
4.663969,,,,0.03028027108230142
4.671968,,,,0.03032039905432522
4.679968,,,,0.03043503304907736
4.687968,,,,0.03047516102110116
4.695968,,,,0.0305897950158533
4.703968,,,,0.030629912864776187
4.711968,,,,0.03075601633286409
4.719968,,,,0.03079614430488789
4.727968,,,,0.03091077829964003
4.735968,,,,0.03095090627166383
4.743968,,,,0.0310712699415334
4.751967,,,,0.031111397913557194
4.759967,,,,0.031231761583426762
4.767967,,,,0.03127188955545056
4.775967,,,,0.031392253225320126
4.783967,,,,0.03143238119734393
4.791967,,,,0.031547015192096066
4.799967,,,,0.03158714316411987
4.807967,,,,0.031701777158872006
4.815967,,,,0.0317419051308958
4.823967,,,,0.03185653912564795
4.831966,,,,0.03189666709767174
4.839966,,,,0.032011301092423894
4.847966,,,,0.032051418941346776
4.855966,,,,0.03217179273431726
4.863966,,,,0.03221192070634105
4.871966,,,,0.03232655470109319
4.879966,,,,0.03236667255001608
4.887966,,,,0.03248131666786914
4.895966,,,,0.03252143451679202
4.903965,,,,0.03263607863464507
4.911965,,,,0.03267619648356796
4.919965,,,,0.03279657027653844
4.927965,,,,0.03283668812546133
4.935965,,,,0.03295133224331438
4.943965,,,,0.032991450092237265
4.951965,,,,0.033106094210090316
4.959965,,,,0.033146212059013205
4.967965,,,,0.03326084605376535
4.975965,,,,0.033300974025789146
4.983964,,,,0.03341560802054129
4.991964,,,,0.033455735992565086
4.999964,,,,0.03357609966243466
5.007964,,,,0.033610497959341026
5.015964,,,,0.03372513195409317
5.023964,,,,0.03376525992611697
5.031964,,,,0.033885623595986535
5.039964,,,,0.03392575156801034
5.047964,,,,0.034040385562762475
5.055964,,,,0.03408051353478627
5.063963,,,,0.03420087720465584
5.071963,,,,0.0342352653784613
5.079963,,,,0.034355639171431786
5.087963,,,,0.034390027345237245
5.095963,,,,0.034504671463090296
5.103963,,,,0.034544789312013185
5.111963,,,,0.03465943342986624
5.119963,,,,0.034699551278789126
5.127963,,,,0.03481418527354127
5.135962,,,,0.034854313245565066
5.143962,,,,0.03496321756519978
5.151962,,,,0.03500334553722358
5.159962,,,,0.03511797953197572
5.167962,,,,0.03515810750399952
5.175962,,,,0.03527274149875166
5.183962,,,,0.035312859347674544
5.191962,,,,0.03543323314064503
5.199962,,,,0.03546762131445049
5.207962,,,,0.035587995107420965
5.215961,,,,0.035622383281226425
5.223961,,,,0.03574848674931433
5.231961,,,,0.035788614721338124
5.239961,,,,0.0359089783912077
5.247961,,,,0.035949106363231495
5.255961,,,,0.03606374035798364
5.263961,,,,0.036103868330007435
5.271961,,,,0.036224231999877
5.279961,,,,0.0362643599719008
5.287961,,,,0.036378993966652944
5.29596,,,,0.03641912193867674
5.30396,,,,0.03652802625831146
5.31196,,,,0.03656814410723434
5.31996,,,,0.0366827882250874
5.32796,,,,0.03672290607401029
5.33596,,,,0.03683754006876242
5.34396,,,,0.036877668040786224
5.35196,,,,0.036992302035538376
5.35996,,,,0.03703243000756217
5.367959,,,,0.03714706400231431
5.375959,,,,0.037187191974338105
5.383959,,,,0.03730182596909025
5.391959,,,,0.03734195394111405
5.399959,,,,0.03746231761098362
5.407959,,,,0.037502445583007415
5.415959,,,,0.03762280925287698
5.423959,,,,0.03765720754978335
5.431959,,,,0.0377718415445355
5.439959,,,,0.03781195939345838
5.447958,,,,0.037932333186428864
5.455958,,,,0.037966721360234316
5.463958,,,,0.038081365478087374
5.471958,,,,0.03812148332701026
5.479958,,,,0.038241857119980745
5.487958,,,,0.038276245293786204
5.495958,,,,0.03839661908675668
5.503958,,,,0.03843100726056214
5.511958,,,,0.038551381053532625
5.519958,,,,0.038585769227338085
5.527957,,,,0.038706132897207646
5.535957,,,,0.03874626086923145
5.543957,,,,0.038860894863983586
5.551957,,,,0.038901022836007396
5.559957,,,,0.03900992715564211
5.567957,,,,0.039050055127665906
5.575957,,,,0.039164689122418044
5.583957,,,,0.039204806971340926
5.591957,,,,0.03931945108919399
5.599957,,,,0.03935383926299945
5.607956,,,,0.039474213055969924
5.615956,,,,0.039508601229775384
5.623956,,,,0.03962897502274587
5.631956,,,,0.03966336319655133
5.639956,,,,0.03978372686642089
5.647956,,,,0.039823854838444694
5.655956,,,,0.03993848883319683
5.663956,,,,0.039978616805220635
5.671956,,,,0.04009325079997277
5.679955,,,,0.04012764909687915
5.687955,,,,0.040242283091631297
5.695955,,,,0.04028240094055418
5.703955,,,,0.04039704505840724
5.711955,,,,0.04043716290733011
5.719955,,,,0.04055180702518317
5.727955,,,,0.040591924874106046
5.735955,,,,0.040718028342193964
5.743955,,,,0.040763885989335176
5.751955,,,,0.0408957191325405
5.759954,,,,0.04094156665658082
5.767954,,,,0.04106767012466872
5.775954,,,,0.04110779809669252
5.783954,,,,0.04123963123989785
5.791954,,,,0.04127401941370331
5.799954,,,,0.04139439320667379
5.807954,,,,0.04143451105559667
5.815954,,,,0.041554884848567154
5.823954,,,,0.04159500269749004
5.831954,,,,0.04171537649046052
5.839953,,,,0.0417554943393834
5.847953,,,,0.041870138457236465
5.855953,,,,0.04191025630615935
5.863953,,,,0.0420249004240124
5.871953,,,,0.04206501827293528
5.879953,,,,0.042179662390788346
5.887953,,,,0.0422140505645938
5.895953,,,,0.042334414234463366
5.903953,,,,0.04236881253136974
5.911952,,,,0.04248917620123931
5.919952,,,,0.04252930417326311
5.927952,,,,0.04264966784313268
5.935952,,,,0.04268406614003904
5.943952,,,,0.04280442980990861
5.951952,,,,0.042844557781932406
5.959952,,,,0.04295919177668456
5.967952,,,,0.04299931974870835
5.975952,,,,0.04311968341857792
5.983952,,,,0.04315981139060172
5.991951,,,,0.043280175060471285
5.999951,,,,0.04332030303249508
6.007951,,,,0.043434937027247225
6.015951,,,,0.04348079467438845
6.023951,,,,0.04360116846735893
6.031951,,,,0.043641286316281815
6.039951,,,,0.04375592031103395
6.047951,,,,0.04379604828305775
6.055951,,,,0.0439106822778099
6.063951,,,,0.04395653992495112
6.07195,,,,0.04407117391970326
6.07995,,,,0.04411130189172706
6.08795,,,,0.04423167568469754
6.09595,,,,0.04427179353362042
6.10395,,,,0.04438642752837257
6.11195,,,,0.04442655550039636
6.11995,,,,0.04454692929336685
6.12795,,,,0.0445813174671723
6.13595,,,,0.04470168113704187
6.14395,,,,0.04473607943394825
6.151949,,,,0.04485644310381781
6.159949,,,,0.04489657107584161
6.167949,,,,0.04501120507059375
6.175949,,,,0.04505133304261755
6.183949,,,,0.04517169671248712
6.191949,,,,0.04521182468451092
6.199949,,,,0.04532645867926306
6.207949,,,,0.04536658665128686
6.215949,,,,0.04548695032115642
6.223948,,,,0.04552707829318022
6.231948,,,,0.045641712287932366
6.239948,,,,0.04567611058483874
6.247948,,,,0.04579074457959088
6.255948,,,,0.045830862428513766
6.263948,,,,0.04595123622148425
6.271948,,,,0.04599135407040713
6.279948,,,,0.04611172786337761
6.287948,,,,0.04614611603718308
6.295948,,,,0.04626648983015355
6.303947,,,,0.04630660767907643
6.311947,,,,0.04642125179692949
6.319947,,,,0.04646136964585238
6.327947,,,,0.04657601376370543
6.335947,,,,0.04661613161262832
6.343947,,,,0.04673077573048137
6.351947,,,,0.04675369443095107
6.359947,,,,0.04680528175320972
6.367947,,,,0.04680528175320972
6.375947,,,,0.046788092727857444
6.383946,,,,0.046776623254521685
6.391946,,,,0.04674223508071622
6.399946,,,,0.046725035932263036
6.407946,,,,0.04667918840822272
6.415946,,,,0.04665625958465212
6.423946,,,,0.046581743438822855
6.431946,,,,0.046553084940134826
6.439946,,,,0.04645563997073496
6.447946,,,,0.04642125179692949
6.455945,,,,0.04630660767907643
6.463945,,,,0.04626648983015355
6.471945,,,,0.046157585510518837
6.479945,,,,0.04611745753849504
6.487945,,,,0.04600855321886031
6.495945,,,,0.04596843536993744
6.503945,,,,0.045865260725420146
6.511945,,,,0.045830862428513766
6.519945,,,,0.04572195810887905
6.527945,,,,0.045687569935073585
6.535944,,,,0.045578665615438864
6.543944,,,,0.04553853764341507
6.551944,,,,0.04542390364866293
6.559944,,,,0.045383775676639135
6.567944,,,,0.04527487135700441
6.575944,,,,0.045240483183198954
6.583944,,,,0.045143038213799086
6.591944,,,,0.04510865003999362
6.599944,,,,0.04501120507059375
6.607944,,,,0.0449768168967883
6.615943,,,,0.044879371927388424
6.623943,,,,0.044844983753582965
6.631943,,,,0.044741809109065674
6.639943,,,,0.04470168113704187
6.647943,,,,0.044592776817407156
6.655943,,,,0.0445583886436017
6.663943,,,,0.044455213999084406
6.671943,,,,0.04442082582527894
6.679943,,,,0.04431765118076164
6.687943,,,,0.04428326300695619
6.695942,,,,0.04418581803755632
6.703942,,,,0.044151429863750855
6.711942,,,,0.044053984894350987
6.719942,,,,0.04401959672054553
6.727942,,,,0.043904952602692476
6.735942,,,,0.04387056442888702
6.743942,,,,0.04375592031103395
6.751942,,,,0.04371580246211108
6.759942,,,,0.043606898142476355
6.767941,,,,0.043572509968670896
6.775941,,,,0.0434693353241536
6.783941,,,,0.043434937027247225
6.791941,,,,0.043331762382729934
6.799941,,,,0.043297374208924475
6.807941,,,,0.04318846988928975
6.815941,,,,0.043154081715484294
6.823941,,,,0.043045167272748666
6.831941,,,,0.0430107790989432
6.839941,,,,0.042896145104191055
6.84794,,,,0.04286174680728469
6.85594,,,,0.042758582285868305
6.86394,,,,0.04272418398896194
6.87194,,,,0.04262100934444464
6.87994,,,,0.042586621170639175
6.88794,,,,0.04248344652612188
6.89594,,,,0.04244905835231643
6.90394,,,,0.04234588370779913
6.91194,,,,0.04231149553399367
6.91994,,,,0.042208320889476375
6.927939,,,,0.04217392259257
6.935939,,,,0.04207074794805271
6.943939,,,,0.04203635977424725
6.951939,,,,0.04193318512972996
6.959939,,,,0.041898796955924494
6.967939,,,,0.041801351986524626
6.975939,,,,0.04176696381271917
6.983939,,,,0.041669518843319306
6.991939,,,,0.04162940099439641
6.999938,,,,0.04152048655166079
7.007938,,,,0.04148609837785532
7.015938,,,,0.041382923733338024
7.023938,,,,0.04134853555953257
7.031938,,,,0.04123963123989785
7.039938,,,,0.041205243066092384
7.047938,,,,0.04110206842157509
7.055938,,,,0.04106767012466872
7.063938,,,,0.04096449548015143
7.071938,,,,0.04093010730634598
7.079937,,,,0.04082693266182868
7.087937,,,,0.04079254448802321
7.095937,,,,0.04068364016838849
7.103937,,,,0.040649241871482125
7.111937,,,,0.04054033755184741
7.119937,,,,0.040505949378041944
7.127937,,,,0.04040850440864208
7.135937,,,,0.04037411623483662
7.143937,,,,0.04027094159031933
7.151937,,,,0.04023655341651387
7.159936,,,,0.040139108447114
7.167936,,,,0.04010472027330854
7.175936,,,,0.03999581595367382
7.183936,,,,0.039961417656767445
7.191936,,,,0.03985824301225015
7.199936,,,,0.039818125163327264
7.207936,,,,0.03971495051880998
7.215936,,,,0.03968056234500452
7.223936,,,,0.039583117375604646
7.231936,,,,0.039548729201799186
7.239935,,,,0.039445554557281895
7.247935,,,,0.039411156260375516
7.255935,,,,0.039307981615858224
7.263935,,,,0.039273593442052765
7.271935,,,,0.039170418797535474
7.279935,,,,0.039136030623730014
7.287935,,,,0.039032855979212716
7.295935,,,,0.03899846780540726
7.303935,,,,0.038901022836007396
7.311934,,,,0.03886663466220193
7.319934,,,,0.03876346001768464
7.327934,,,,0.03872906172077826
7.335934,,,,0.03862588707626097
7.343934,,,,0.03859149890245551
7.351934,,,,0.03848259458282079
7.359934,,,,0.03845393608413276
7.367934,,,,0.03835076143961546
7.375934,,,,0.03831637326581
7.383934,,,,0.0382131986212927
7.391933,,,,0.03817880032438633
7.399933,,,,0.03807563580296996
7.407933,,,,0.03804123750606358
7.415933,,,,0.03794379253666371
7.423933,,,,0.03790940436285825
7.431933,,,,0.03780622971834096
7.439933,,,,0.0377718415445355
7.447933,,,,0.0376686669000182
7.455933,,,,0.03763427872621274
7.463933,,,,0.037531104081695445
7.471932,,,,0.03749097610967165
7.479932,,,,0.03737061243980208
7.487932,,,,0.03733621414289571
7.495932,,,,0.037221580148143564
7.503932,,,,0.037187191974338105
7.511932,,,,0.03707828765470339
7.519932,,,,0.037038159682679594
7.527932,,,,0.036934985038162296
7.535932,,,,0.03690059686435684
7.543931,,,,0.036797422219839546
7.551931,,,,0.036763034046034086
7.559931,,,,0.03665985940151679
7.567931,,,,0.036625461104610416
7.575931,,,,0.03652228646009312
7.583931,,,,0.036487898286287665
7.591931,,,,0.036384723641770374
7.599931,,,,0.03635033546796491
7.607931,,,,0.036247160823447616
7.615931,,,,0.03621277264964216
7.62393,,,,0.036103868330007435
7.63193,,,,0.03606947003310106
7.63993,,,,0.03596629538858377
7.64793,,,,0.03593190721477831
7.65593,,,,0.03582873257026102
7.66393,,,,0.035794344396455555
7.67193,,,,0.03568544007682084
7.67993,,,,0.03565104177991447
7.68793,,,,0.03554786713539717
7.69593,,,,0.03551347896159171
7.703929,,,,0.03540457464195699
7.711929,,,,0.03537018646815153
7.719929,,,,0.03527274149875166
7.727929,,,,0.0352383533249462
7.735929,,,,0.03513517868042891
7.743929,,,,0.03510078038352254
7.751929,,,,0.03499760573900525
7.759929,,,,0.03496321756519978
7.767929,,,,0.03486577259579991
7.775928,,,,0.03483138442199445
7.783928,,,,0.034733939452594585
7.791928,,,,0.034699551278789126
7.799928,,,,0.03459637663427183
7.807928,,,,0.03456198846046637
7.815928,,,,0.03445881381594908
7.823928,,,,0.03442442564214362
7.831928,,,,0.03432125099762632
7.839928,,,,0.03428685270071995
7.847928,,,,0.03417794838108523
7.855927,,,,0.034143560207279766
7.863927,,,,0.034040385562762475
7.871927,,,,0.034005997388957016
7.879927,,,,0.03390855241955715
7.887927,,,,0.033868434570634265
7.895927,,,,0.03376525992611697
7.903927,,,,0.033730861629210594
7.911927,,,,0.0336276869846933
7.919927,,,,0.033593298810887844
7.927927,,,,0.03349585384148797
7.935926,,,,0.03346146566768251
7.943926,,,,0.033358291023165225
7.951926,,,,0.03332390284935976
7.959926,,,,0.03322072820484247
7.967926,,,,0.03318634003103701
7.975926,,,,0.03308316538651971
7.983926,,,,0.03304876708961334
7.991926,,,,0.032945592445096046
7.999926,,,,0.03291120427129059
8.007926,,,,0.03280802962677329
8.015926,,,,0.03277364145296783
8.023927,,,,0.032664737133333115
8.031927,,,,0.032630338836426735
8.039927,,,,0.03252717431501036
8.047928,,,,0.03249277601810399
8.055928,,,,0.03238960137358669
8.063929,,,,0.032355213199781234
8.071929,,,,0.032252038555263936
8.079929,,,,0.032217650381458476
8.08793,,,,0.03211447573694118
8.09593,,,,0.03208008756313572
8.10393,,,,0.03197691291861843
8.111931,,,,0.031942514621712055
8.119931,,,,0.03183361030207734
8.127932,,,,0.03179922212827188
8.135932,,,,0.03169604748375458
8.143932,,,,0.03166738898506655
8.151933,,,,0.031564214340549256
8.159933,,,,0.03152408636852545
8.167933,,,,0.03141518204889074
8.175934,,,,0.03138079387508528
8.183934,,,,0.03127761923056799
8.191935,,,,0.031243231056762525
8.199935,,,,0.03114005641224523
8.207935,,,,0.031099928440221435
8.215936,,,,0.030991024120586717
8.223936,,,,0.030956635946781254
8.231936,,,,0.030847731627146536
8.239937,,,,0.030813333330240163
8.247937,,,,0.03071015868572287
8.255938,,,,0.03067577051191741
8.263938,,,,0.030572595867400118
8.271938,,,,0.030538207693594655
8.279939,,,,0.030429303373959937
8.287939,,,,0.030394905077053565
8.295939,,,,0.030291740555637183
8.30394,,,,0.03025734225873081
8.31194,,,,0.030148437939096093
8.319941,,,,0.03011404976529063
8.327941,,,,0.03001087512077334
8.335941,,,,0.029982216622085302
8.343942,,,,0.029879041977568008
8.351942,,,,0.02984465380376255
8.359942,,,,0.029741479159245254
8.367943,,,,0.02970708086233888
8.375943,,,,0.02960390621782159
8.383944,,,,0.029569518044016127
8.391944,,,,0.02946061372438141
8.399944,,,,0.02942622555057595
8.407945,,,,0.029323050906058655
8.415945,,,,0.029288652609152283
8.423945,,,,0.029191217762853328
8.431946,,,,0.02915681946594695
8.439946,,,,0.02905364482142966
8.447947,,,,0.0290192566476242
8.455947,,,,0.028916082003106903
8.463947,,,,0.02887596415418402
8.471948,,,,0.028778519184784152
8.479948,,,,0.028744131010978693
8.487948,,,,0.028635226691343975
8.495949,,,,0.0286008283944376
8.503949,,,,0.028497653749920308
8.51195,,,,0.028463265576114845
8.51995,,,,0.02836009093159755
8.52795,,,,0.02832570275779209
8.535951,,,,0.028216798438157373
8.543951,,,,0.028182400141251
8.551951,,,,0.02807922549673371
8.559952,,,,0.028044837322928246
8.567952,,,,0.02794166267841095
8.575953,,,,0.027907274504605492
8.583953,,,,0.027798370184970774
8.591953,,,,0.0277639718880644
8.599954,,,,0.027660797243547107
8.607954,,,,0.02762067939462422
8.615954,,,,0.02751750475010693
8.623955,,,,0.02748311657630147
8.631955,,,,0.027374212256666752
8.639956,,,,0.027339813959760376
8.647956,,,,0.027236639315243085
8.655956,,,,0.027202251141437626
8.663957,,,,0.027099076496920328
8.671957,,,,0.027064688323114868
8.679957,,,,0.026961513678597577
8.687958,,,,0.02692712550479212
8.695958,,,,0.02682395086027482
8.703959,,,,0.02678955256336845
8.711959,,,,0.026686377918851156
8.719959,,,,0.026651989745045696
8.72796,,,,0.0265488151005284
8.73596,,,,0.026514426926722942
8.74396,,,,0.026411252282205647
8.751961,,,,0.026376864108400188
8.759961,,,,0.026267959788765474
8.767962,,,,0.026233561491859094
8.775962,,,,0.026130386847341803
8.783962,,,,0.026090268998418917
8.791963,,,,0.025987094353901626
8.799963,,,,0.02595270618009617
8.807963,,,,0.02584953153557887
8.815964,,,,0.0258151332386725
8.823964,,,,0.0257119585941552
8.831964,,,,0.02567757042034974
8.839965,,,,0.02557439577583245
8.847965,,,,0.02554000760202699
8.855966,,,,0.025436832957509693
8.863966,,,,0.02540244478370424
8.871966,,,,0.025299270139186945
8.879967,,,,0.02526487184228057
8.887967,,,,0.025161697197763275
8.895967,,,,0.02512157934884039
8.903968,,,,0.025018404704323097
8.911968,,,,0.024978276732299298
8.919969,,,,0.02487511221088292
8.927969,,,,0.024840713913976544
8.935969,,,,0.024731809594341826
8.94397,,,,0.024697421420536367
8.95197,,,,0.0245999764511365
8.95997,,,,0.024565588277331036
8.967971,,,,0.024456683957696325
8.975971,,,,0.024422285660789946
8.983972,,,,0.024319111016272654
8.991972,,,,0.024284722842467195
8.999972,,,,0.024175818522832473
9.007973,,,,0.024141430349027014
9.015973,,,,0.024043985379627146
9.023973,,,,0.024009597205821687
9.031974,,,,0.023906422561304392
9.039974,,,,0.02387202426439802
9.047975,,,,0.02376885974298164
9.055975,,,,0.023734461446075262
9.063975,,,,0.02363128680155797
9.071976,,,,0.023596898627752508
9.079976,,,,0.023493723983235217
9.087976,,,,0.02345933580942976
9.095977,,,,0.02335043148979504
9.103977,,,,0.023316033192888663
9.111978,,,,0.023212858548371372
9.119978,,,,0.02317847037456591
9.127978,,,,0.02308102540516604
9.135979,,,,0.023046637231360582
9.143979,,,,0.022943462586843287
9.151979,,,,0.02290907441303783
9.15998,,,,0.022805899768520536
9.16798,,,,0.022771511594715077
9.175981,,,,0.02267406662531521
9.183981,,,,0.022639678451509746
9.191981,,,,0.02253650380699245
9.199982,,,,0.02250210551008608
9.207982,,,,0.022404670663787124
9.215982,,,,0.022370272366880748
9.223983,,,,0.022267097722363453
9.231983,,,,0.02223270954855799
9.239984,,,,0.0221295349040407
9.247984,,,,0.022095146730235243
9.255984,,,,0.021991972085717952
9.263985,,,,0.02195758391191249
9.271985,,,,0.02186013894251262
9.279985,,,,0.02182575076870716
9.287986,,,,0.021716836325971524
9.295986,,,,0.021682448152166064
9.303987,,,,0.021579273507648773
9.311987,,,,0.021544885333843314
9.319987,,,,0.021441710689326016
9.327988,,,,0.021407322515520563
9.335988,,,,0.021304147871003265
9.343988,,,,0.021264019898979466
9.351989,,,,0.021166585052680514
9.359989,,,,0.021132186755774135
9.36799,,,,0.021029012111256844
9.37599,,,,0.020994623937451388
9.38399,,,,0.02088571961781667
9.391991,,,,0.020851331444011207
9.399991,,,,0.02075388647461134
9.407991,,,,0.020719498300805876
9.415992,,,,0.020616323656288585
9.423992,,,,0.02058192535938221
9.431993,,,,0.020478750714864914
9.439993,,,,0.02043863286594203
9.447993,,,,0.020335458221424733
9.455994,,,,0.02030107004761928
9.463994,,,,0.020197895403101986
9.471994,,,,0.02016349710619561
9.479995,,,,0.020060322461678316
9.487995,,,,0.020025934287872853
9.495996,,,,0.01992275964335556
9.503996,,,,0.019888371469550102
9.511996,,,,0.019785196825032804
9.519997,,,,0.019750808651227348
9.527997,,,,0.019647634006710053
9.535997,,,,0.01961323570980368
9.543998,,,,0.0195100711883873
9.551998,,,,0.019475672891480927
9.559999,,,,0.019372498246963635
9.567999,,,,0.019338110073158173
9.575999,,,,0.019234935428640878
9.584,,,,0.01920054725483542
9.592,,,,0.019097372610318124
9.6,,,,0.019062984436512664
9.608001,,,,0.018954069993777033
9.616001,,,,0.01891968181997157
9.624002,,,,0.018810777500336856
9.632002,,,,0.018776389326531393
9.640002,,,,0.018673214682014102
9.648003,,,,0.018638816385107726
9.656003,,,,0.018524182390355585
9.664003,,,,0.018489794216550125
9.672004,,,,0.01837515009869707
9.680004,,,,0.01834076192489161
9.688004,,,,0.018237587280374314
9.696005,,,,0.018203199106568854
9.704005,,,,0.01810002446205156
9.712006,,,,0.018059896490027764
9.720006,,,,0.017956731968611382
9.728006,,,,0.01792233367170501
9.736007,,,,0.017813429352070292
9.744007,,,,0.017779041178264832
9.752007,,,,0.01767013685863011
9.760008,,,,0.017635738561723742
9.768008,,,,0.017532563917206447
9.776009,,,,0.017498175743400984
9.784009,,,,0.017400730774001116
9.792009,,,,0.017366342600195653
9.80001,,,,0.017263167955678362
9.80801,,,,0.01722305010675548
9.81601,,,,0.017119875462238185
9.824011,,,,0.01708547716533181
9.832011,,,,0.016982302520814518
9.840012,,,,0.01694791434700906
9.848012,,,,0.016844739702491764
9.856012,,,,0.016810351528686304
9.864013,,,,0.01670717688416901
9.872013,,,,0.01667278871036355
9.880013,,,,0.016575343740963682
9.888014,,,,0.016540955567158223
9.896014,,,,0.016437780922640928
9.904015,,,,0.016403382625734556
9.912015,,,,0.016300218104318174
9.920015,,,,0.016265819807411798
9.928016,,,,0.016168384961112843
9.936016,,,,0.016128256989089047
9.944016,,,,0.01602508234457175
9.952017,,,,0.015990694170766293
9.960017,,,,0.015887519526249
9.968018,,,,0.01585313135244354
9.976018,,,,0.015744216909707908
9.984018,,,,0.015709828735902445
9.992019,,,,0.015606654091385152
10.000019,,,,0.015572265917579695
10.008019,,,,0.015474820948179821
10.01602,,,,0.015440432774374365
10.02402,,,,0.01533725812985707
10.032021,,,,0.015302869956051611
10.040021,,,,0.015199695311534317
10.048021,,,,0.015165297014627942
10.056022,,,,0.015062122370110648
10.064022,,,,0.015027734196305188
10.072022,,,,0.014918829876670472
10.080023,,,,0.014884441702865011
10.088023,,,,0.014781267058347718
10.096024,,,,0.014746868761441344
10.104024,,,,0.014643704240024964
10.112024,,,,0.014609305943118588
10.120025,,,,0.014506131298601295
10.128025,,,,0.014466013449678412
10.136025,,,,0.014362838805161118
10.144026,,,,0.014328450631355658
10.152026,,,,0.014225275986838364
10.160027,,,,0.01419087768993199
10.168027,,,,0.014087703045414695
10.176027,,,,0.014053314871609239
10.184028,,,,0.013950140227091944
10.192028,,,,0.013915752053286485
10.200028,,,,0.01381257740876919
10.208029,,,,0.01377244943674539
10.216029,,,,0.013669274792228098
10.22403,,,,0.013634886618422638
10.23203,,,,0.013531711973905344
10.24003,,,,0.013497323800099884
10.248031,,,,0.013394149155582591
10.256031,,,,0.01335976098177713
10.264031,,,,0.01325085666214241
10.272032,,,,0.013216458365236038
10.280032,,,,0.013113283720718745
10.288033,,,,0.013078895546913286
10.296033,,,,0.012981450577513414
10.304033,,,,0.012947062403707955
10.312034,,,,0.012838158084073237
10.320034,,,,0.012803769910267777
10.328034,,,,0.012706324940867908
10.336035,,,,0.012671936767062448
10.344035,,,,0.012563022324326814
10.352036,,,,0.012528634150521358
10.360036,,,,0.012419729830886638
10.368036,,,,0.012385341657081177
10.376037,,,,0.012282167012563884
10.384037,,,,0.01224776871565751
10.392037,,,,0.012150333869358555
10.400038,,,,0.01211593557245218
10.408038,,,,0.012007031252817464
10.416039,,,,0.011972643079012003
10.424039,,,,0.011875198109612135
10.432039,,,,0.011840809935806672
10.44004,,,,0.011731905616171956
10.44804,,,,0.011697517442366497
10.45604,,,,0.011594342797849202
10.464041,,,,0.01155994450094283
10.472041,,,,0.011456769856425537
10.480042,,,,0.011422381682620076
10.488042,,,,0.011319207038102783
10.496042,,,,0.011284818864297321
10.504043,,,,0.011181644219780027
10.512043,,,,0.011147256045974569
10.520043,,,,0.011038341603238935
10.528044,,,,0.011003953429433477
10.536044,,,,0.010900778784916182
10.544044,,,,0.010866390611110723
10.552045,,,,0.010757486291476003
10.560045,,,,0.010723087994569629
10.568046,,,,0.010619923473153253
10.576046,,,,0.010585525176246877
10.584046,,,,0.010482350531729584
10.592047,,,,0.010447962357924123
10.600047,,,,0.010339058038289403
10.608047,,,,0.010304669864483947
10.616048,,,,0.010201495219966652
10.624048,,,,0.010172836721278616
10.632049,,,,0.010069662076761321
10.640049,,,,0.010035263779854947
10.648049,,,,0.00992635946022023
10.65605,,,,0.009891971286414772
10.66405,,,,0.009788796641897477
10.67205,,,,0.009754408468092016
10.680051,,,,0.009651233823574723
10.688051,,,,0.009616835526668348
10.696052,,,,0.009513660882151054
10.704052,,,,0.009479272708345596
10.712052,,,,0.009370368388710876
10.720053,,,,0.00934170989002284
10.728053,,,,0.009238535245505547
10.736053,,,,0.009204147071700086
10.744054,,,,0.009100972427182795
10.752054,,,,0.00906657413027642
10.760055,,,,0.00896340960886004
10.768055,,,,0.008929011311953667
10.776055,,,,0.008825836667436374
10.784056,,,,0.008791448493630913
10.792056,,,,0.008694003524231043
10.800056,,,,0.008659615350425583
10.808057,,,,0.008562170381025714
10.816057,,,,0.008527782207220256
10.824058,,,,0.008418877887585536
10.832058,,,,0.008384489713780077
10.840058,,,,0.008281315069262784
10.848059,,,,0.008246916772356408
10.856059,,,,0.008143742127839115
10.864059,,,,0.008109353954033654
10.87206,,,,0.008000449634398936
10.88006,,,,0.007966061460593477
10.888061,,,,0.007862886816076184
10.896061,,,,0.00782848851916981
10.904061,,,,0.007725313874652515
10.912062,,,,0.007690925700847055
10.920062,,,,0.007587751056329762
10.928062,,,,0.007553362882524303
10.936063,,,,0.007450188238007008
10.944063,,,,0.007415800064201549
10.952064,,,,0.007318355094801679
10.960064,,,,0.00728396692099622
10.968064,,,,0.007175062601361502
10.976065,,,,0.007140664304455127
10.984065,,,,0.007037489659937833
10.992065,,,,0.007003101486132373
11.000066,,,,0.00689992684161508
11.008066,,,,0.006865538667809621
11.016067,,,,0.006762364023292326
11.024067,,,,0.006727975849486866
11.032067,,,,0.006624801204969572
11.040068,,,,0.006590402908063199
11.048068,,,,0.00648149858842848
11.056068,,,,0.006447110414623021
11.064069,,,,0.006343935770105727
11.072069,,,,0.006309547596300267
11.08007,,,,0.0062006331535646355
11.08807,,,,0.006171974654876599
11.09607,,,,0.0060688000103593055
11.104071,,,,0.006034411836553846
11.112071,,,,0.005931237192036551
11.120071,,,,0.005896849018231092
11.128072,,,,0.005787944698596375
11.136072,,,,0.005753546401690001
11.144073,,,,0.005650381880273621
11.152073,,,,0.005615983583367246
11.160073,,,,0.005512808938849952
11.168074,,,,0.0054784207650444925
11.176074,,,,0.0053752461205271995
11.184074,,,,0.00534085794672174
11.192075,,,,0.005237683302204446
11.200075,,,,0.005203295128398986
11.208076,,,,0.005100120483881691
11.216076,,,,0.005065722186975319
11.224076,,,,0.004962547542458025
11.232077,,,,0.004928159368652566
11.240077,,,,0.004830714399252695
11.248077,,,,0.004796326225447236
11.256078,,,,0.004687421905812518
11.264078,,,,0.004653033732007058
11.272079,,,,0.0045498590874897635
11.280079,,,,0.00451546079058339
11.288079,,,,0.004418025944284434
11.29608,,,,0.004383627647378061
11.30408,,,,0.004280453002860767
11.31208,,,,0.004246064829055308
11.320081,,,,0.004148619859655437
11.328081,,,,0.004114231685849978
11.336082,,,,0.004016786716450108
11.344082,,,,0.003976668867527224
11.352082,,,,0.0038734942230099307
11.360083,,,,0.003839106049204471
11.368083,,,,0.0037359314046871766
11.376083,,,,0.0037015331077808024
11.384084,,,,0.0035983685863644234
11.392084,,,,0.003563970289458049
11.400084,,,,0.003460795644940755
11.408085,,,,0.0034264074711352955
11.416085,,,,0.003323232826618002
11.424086,,,,0.003288844652812542
11.432086,,,,0.003191399683412673
11.440086,,,,0.003157011509607213
11.448087,,,,0.003053836865089919
11.456087,,,,0.003019448691284459
11.464087,,,,0.002916274046767165
11.472088,,,,0.00288761554807913
11.480088,,,,0.0027844409035618365
11.488089,,,,0.002750042606655462
11.496089,,,,0.0026526077603565065
11.504089,,,,0.0026182094634501327
11.51209,,,,0.0025207746171511777
11.52009,,,,0.0024863763202448035
11.52809,,,,0.0023832016757275097
11.536091,,,,0.00234881350192205
11.544091,,,,0.002245638857404756
11.552092,,,,0.002211250683599296
11.560092,,,,0.002113805714199427
11.568092,,,,0.002079417540393967
11.576093,,,,0.001976242895876673
11.584093,,,,0.0019418547220712132
11.592093,,,,0.0018444097526713438
11.600094,,,,0.0018100215788658842
11.608094,,,,0.0017068469343485904
11.616095,,,,0.0016724486374422162
11.624095,,,,0.0015692739929249223
11.632095,,,,0.0015348858191194627
11.640096,,,,0.0014317111746021689
11.648096,,,,0.001397323000796709
11.656096,,,,0.0012941483562794152
11.664097,,,,0.0012597601824739554
11.672097,,,,0.0011565855379566618
11.680098,,,,0.0011221872410502878
11.688098,,,,0.001019012596532994
11.696098,,,,0.000984624422727534
11.704099,,,,0.0008814497782102403
11.712099,,,,0.0008470616044047805
11.720099,,,,0.0007438869598874867
11.7281,,,,0.0007094987860820269
11.7361,,,,0.0006063241415647331
11.744101,,,,0.0005719258446583591
11.752101,,,,0.0004630215250236411
11.760101,,,,0.0004171740009833327
11.768102,,,,0.00029680020801285196
11.776102,,,,0.00025094256087162934
11.784102,,,,0.00014203824123691132
11.792103,,,,0.00011337974254887575
11.800103,,,,0.00003313392160219329
11.808104,,,,0.00001593477314900629
11.816104,,,,-0.00002991275089130214
11.824104,,,,-0.000041382224227064865
11.832105,,,,-0.00007004072291510044
11.840105,,,,-0.00007577039803252472
11.848105,,,,-0.00009296954648571173
11.856106,,,,-0.00009869922160313601
11.864106,,,,-0.0001044288967205603
11.872107,,,,-0.0001044288967205603
11.880107,,,,-0.00011015857183798458
11.888107,,,,-0.00011589837005632304
11.896108,,,,-0.00011589837005632304
11.904108,,,,-0.00011589837005632304
11.912108,,,,-0.0001216280451737473
11.920109,,,,-0.0001216280451737473
11.928109,,,,-0.0001216280451737473
11.93611,,,,-0.0001216280451737473
11.94411,,,,-0.0001216280451737473
11.95211,,,,-0.0001216280451737473
11.960111,,,,-0.0001216280451737473
11.968111,,,,-0.0001216280451737473
11.976111,,,,-0.0001216280451737473
11.984112,,,,-0.0001216280451737473
11.992112,,,,-0.0001216280451737473
12.000113,,,,-0.0001216280451737473
12.008113,,,,-0.0001216280451737473
12.016113,,,,-0.0001216280451737473
12.024114,,,,-0.0001216280451737473
12.032114,,,,-0.0001216280451737473
12.040114,,,,-0.0001216280451737473
12.048115,,,,-0.0001216280451737473
12.056115,,,,-0.0001216280451737473
12.064116,,,,-0.0001216280451737473
12.072116,,,,-0.0001216280451737473
12.080116,,,,-0.0001216280451737473
12.088117,,,,-0.0001216280451737473
12.096117,,,,-0.0001216280451737473
12.104117,,,,-0.0001216280451737473
12.112118,,,,-0.0001216280451737473
12.120118,,,,-0.0001216280451737473
12.128119,,,,-0.0001216280451737473
12.136119,,,,-0.0001216280451737473
12.144119,,,,-0.0001216280451737473
12.15212,,,,-0.0001216280451737473
12.16012,,,,-0.0001216280451737473
12.16812,,,,-0.0001216280451737473
12.176121,,,,-0.0001216280451737473
12.184121,,,,-0.0001216280451737473
12.192122,,,,-0.0001216280451737473
12.200122,,,,-0.0001216280451737473
12.208122,,,,-0.0001216280451737473
12.216123,,,,-0.0001216280451737473
12.224123,,,,-0.0001216280451737473
12.232123,,,,-0.0001216280451737473
12.240124,,,,-0.0001216280451737473
12.248124,,,,-0.0001216280451737473
12.256124,,,,-0.0001216280451737473
12.264125,,,,-0.0001216280451737473
12.272125,,,,-0.0001216280451737473
12.280126,,,,-0.0001216280451737473
12.288126,,,,-0.0001216280451737473
12.296126,,,,-0.0001216280451737473
12.304127,,,,-0.0001216280451737473
12.312127,,,,-0.0001216280451737473
12.320127,,,,-0.0001216280451737473
12.328128,,,,-0.0001216280451737473
12.336128,,,,-0.0001216280451737473
12.344129,,,,-0.0001216280451737473
12.352129,,,,-0.0001216280451737473
12.360129,,,,-0.0001216280451737473
12.36813,,,,-0.0001216280451737473
12.37613,,,,-0.0001216280451737473
12.38413,,,,-0.0001216280451737473
12.392131,,,,-0.0001216280451737473
12.400131,,,,-0.0001216280451737473
12.408132,,,,-0.0001216280451737473
12.416132,,,,-0.0001216280451737473
12.424132,,,,-0.0001216280451737473
12.432133,,,,-0.0001216280451737473
12.440133,,,,-0.0001216280451737473
12.448133,,,,-0.0001216280451737473
12.456134,,,,-0.0001216280451737473
12.464134,,,,-0.0001216280451737473
12.472135,,,,-0.0001216280451737473
12.480135,,,,-0.0001216280451737473
12.488135,,,,-0.0001216280451737473
12.496136,,,,-0.0001216280451737473
12.504136,,,,-0.0001216280451737473
12.512136,,,,-0.0001216280451737473
12.520137,,,,-0.0001216280451737473
12.528137,,,,-0.0001216280451737473
12.536138,,,,-0.0001216280451737473
12.544138,,,,-0.0001216280451737473
12.552138,,,,-0.0001216280451737473
12.560139,,,,-0.0001216280451737473
12.568139,,,,-0.0001216280451737473
12.576139,,,,-0.0001216280451737473
12.58414,,,,-0.0001216280451737473
12.59214,,,,-0.0001216280451737473
12.600141,,,,-0.0001216280451737473
12.608141,,,,-0.0001216280451737473
12.616141,,,,-0.0001216280451737473
12.624142,,,,-0.0001216280451737473
12.632142,,,,-0.0001216280451737473
12.640142,,,,-0.0001216280451737473
12.648143,,,,-0.0001216280451737473
12.656143,,,,-0.0001216280451737473
12.664144,,,,-0.0001216280451737473
12.672144,,,,-0.0001216280451737473
12.680144,,,,-0.0001216280451737473
12.688145,,,,-0.0001216280451737473
12.696145,,,,-0.0001216280451737473
12.704145,,,,-0.0001216280451737473
12.712146,,,,-0.0001216280451737473
12.720146,,,,-0.0001216280451737473
12.728147,,,,-0.0001216280451737473
12.736147,,,,-0.0001216280451737473
12.744147,,,,-0.0001216280451737473
12.752148,,,,-0.0001216280451737473
12.760148,,,,-0.0001216280451737473
12.768148,,,,-0.0001216280451737473
12.776149,,,,-0.0001216280451737473
12.784149,,,,-0.0001216280451737473
12.79215,,,,-0.0001216280451737473
12.80015,,,,-0.0001216280451737473
12.80815,,,,-0.0001273577202911716
12.816151,,,,-0.0001273577202911716
12.824151,,,,-0.0001273577202911716
12.832151,,,,-0.0001273577202911716
12.840152,,,,-0.0001273577202911716
12.848152,,,,-0.0001273577202911716
12.856153,,,,-0.0001273577202911716
12.864153,,,,-0.0001273577202911716
12.872153,,,,-0.0001273577202911716
12.880154,,,,-0.0001216280451737473
12.888154,,,,-0.0001216280451737473
12.896154,,,,-0.0001216280451737473
12.904155,,,,-0.0001216280451737473
12.912155,,,,-0.0001216280451737473
12.920156,,,,-0.0001216280451737473
12.928156,,,,-0.0001216280451737473
12.936156,,,,-0.0001216280451737473
12.944157,,,,-0.0001216280451737473
12.952157,,,,-0.0001216280451737473
12.960157,,,,-0.0001216280451737473
12.968158,,,,-0.0001216280451737473
12.976158,,,,-0.0001216280451737473
12.984159,,,,-0.0001216280451737473
12.992159,,,,-0.0001216280451737473
13.000159,,,,-0.0001216280451737473
13.00816,,,,-0.0001216280451737473
13.01616,,,,-0.0001216280451737473
13.02416,,,,-0.0001216280451737473
13.032161,,,,-0.0001216280451737473
13.040161,,,,-0.0001216280451737473
13.048162,,,,-0.0001216280451737473
13.056162,,,,-0.0001216280451737473
13.064162,,,,-0.0001216280451737473
13.072163,,,,-0.0001216280451737473
13.080163,,,,-0.0001216280451737473
13.088163,,,,-0.0001216280451737473
13.096164,,,,-0.0001216280451737473
13.104164,,,,-0.0001216280451737473
13.112164,,,,-0.0001216280451737473
13.120165,,,,-0.0001216280451737473
13.128165,,,,-0.0001216280451737473
13.136166,,,,-0.0001216280451737473
13.144166,,,,-0.0001216280451737473
13.152166,,,,-0.0001216280451737473
13.160167,,,,-0.0001216280451737473
13.168167,,,,-0.0001216280451737473
13.176167,,,,-0.0001216280451737473
13.184168,,,,-0.0001216280451737473
13.192168,,,,-0.0001216280451737473
13.200169,,,,-0.0001216280451737473
13.208169,,,,-0.0001216280451737473
13.216169,,,,-0.0001216280451737473
13.22417,,,,-0.0001216280451737473
13.23217,,,,-0.0001216280451737473
13.24017,,,,-0.0001216280451737473
13.248171,,,,-0.0001216280451737473
13.256171,,,,-0.0001216280451737473
13.264172,,,,-0.0001216280451737473
13.272172,,,,-0.0001216280451737473
13.280172,,,,-0.0001216280451737473
13.288173,,,,-0.0001216280451737473
13.296173,,,,-0.0001216280451737473
13.304173,,,,-0.0001216280451737473
13.312174,,,,-0.0001216280451737473
13.320174,,,,-0.0001216280451737473
13.328175,,,,-0.0001216280451737473
13.336175,,,,-0.0001216280451737473
13.344175,,,,-0.0001216280451737473
13.352176,,,,-0.0001216280451737473
13.360176,,,,-0.0001216280451737473
13.368176,,,,-0.0001216280451737473
13.376177,,,,-0.0001216280451737473
13.384177,,,,-0.0001216280451737473
13.392178,,,,-0.0001216280451737473
13.400178,,,,-0.0001216280451737473
13.408178,,,,-0.0001216280451737473
13.416179,,,,-0.0001216280451737473
13.424179,,,,-0.0001216280451737473
13.432179,,,,-0.0001216280451737473
13.44018,,,,-0.0001216280451737473
13.44818,,,,-0.0001273577202911716
13.456181,,,,-0.0001273577202911716
13.464181,,,,-0.0001273577202911716
13.472181,,,,-0.0001273577202911716
13.480182,,,,-0.0001273577202911716
13.488182,,,,-0.0001273577202911716
13.496182,,,,-0.0001273577202911716
13.504183,,,,-0.0001273577202911716
13.512183,,,,-0.0001273577202911716
13.520184,,,,-0.0001273577202911716
13.528184,,,,-0.0001273577202911716
13.536184,,,,-0.0001273577202911716
13.544185,,,,-0.0001216280451737473
13.552185,,,,-0.0001216280451737473
13.560185,,,,-0.0001216280451737473
13.568186,,,,-0.0001216280451737473
13.576186,,,,-0.0001216280451737473
13.584187,,,,-0.0001216280451737473
13.592187,,,,-0.0001216280451737473
13.600187,,,,-0.0001216280451737473
13.608188,,,,-0.0001216280451737473
13.616188,,,,-0.0001216280451737473
13.624188,,,,-0.0001216280451737473
13.632189,,,,-0.0001216280451737473
13.640189,,,,-0.0001216280451737473
13.64819,,,,-0.0001216280451737473
13.65619,,,,-0.0001216280451737473
13.66419,,,,-0.0001216280451737473
13.672191,,,,-0.0001216280451737473
13.680191,,,,-0.0001216280451737473
13.688191,,,,-0.0001216280451737473
13.696192,,,,-0.0001216280451737473
13.704192,,,,-0.0001216280451737473
13.712193,,,,-0.0001216280451737473
13.720193,,,,-0.0001216280451737473
13.728193,,,,-0.0001216280451737473
13.736194,,,,-0.0001216280451737473
13.744194,,,,-0.0001216280451737473
13.752194,,,,-0.0001216280451737473
13.760195,,,,-0.0001216280451737473
13.768195,,,,-0.0001216280451737473
13.776196,,,,-0.0001216280451737473
13.784196,,,,-0.0001216280451737473
13.792196,,,,-0.0001216280451737473
13.800197,,,,-0.0001216280451737473
13.808197,,,,-0.0001216280451737473
13.816197,,,,-0.0001216280451737473
13.824198,,,,-0.0001216280451737473
13.832198,,,,-0.0001216280451737473
13.840199,,,,-0.0001216280451737473
13.848199,,,,-0.0001216280451737473
13.856199,,,,-0.0001216280451737473
13.8642,,,,-0.0001216280451737473
13.8722,,,,-0.0001216280451737473
13.8802,,,,-0.0001216280451737473
13.888201,,,,-0.0001216280451737473
13.896201,,,,-0.0001216280451737473
13.904202,,,,-0.0001216280451737473
13.912202,,,,-0.0001216280451737473
13.920202,,,,-0.0001216280451737473
13.928203,,,,-0.0001273577202911716
13.936203,,,,-0.0001273577202911716
13.944203,,,,-0.0001273577202911716
13.952204,,,,-0.0001273577202911716
13.960204,,,,-0.0001273577202911716
13.968204,,,,-0.0001273577202911716
13.976205,,,,-0.0001273577202911716
13.984205,,,,-0.0001273577202911716
13.992206,,,,-0.0001273577202911716
14.000206,,,,-0.0001273577202911716
14.008206,,,,-0.0001273577202911716
14.016207,,,,-0.0001273577202911716
14.024207,,,,-0.0001273577202911716
14.032207,,,,-0.0001273577202911716
14.040208,,,,-0.0001273577202911716
14.048208,,,,-0.0001273577202911716
14.056209,,,,-0.0001273577202911716
14.064209,,,,-0.0001273577202911716
14.072209,,,,-0.0001273577202911716
14.08021,,,,-0.0001273577202911716
14.08821,,,,-0.0001273577202911716
14.09621,,,,-0.0001273577202911716
14.104211,,,,-0.0001273577202911716
14.112211,,,,-0.0001273577202911716
14.120212,,,,-0.0001216280451737473
14.128212,,,,-0.0001216280451737473
14.136212,,,,-0.0001273577202911716
14.144213,,,,-0.0001273577202911716
14.152213,,,,-0.0001216280451737473
14.160213,,,,-0.0001216280451737473
14.168214,,,,-0.0001216280451737473
14.176214,,,,-0.0001216280451737473
14.184215,,,,-0.0001216280451737473
14.192215,,,,-0.0001216280451737473
14.200215,,,,-0.0001216280451737473
14.208216,,,,-0.0001216280451737473
14.216216,,,,-0.0001216280451737473
14.224216,,,,-0.0001216280451737473
14.232217,,,,-0.0001216280451737473
14.240217,,,,-0.0001216280451737473
14.248218,,,,-0.0001216280451737473
14.256218,,,,-0.0001216280451737473
14.264218,,,,-0.0001216280451737473
14.272219,,,,-0.0001216280451737473
14.280219,,,,-0.0001216280451737473
14.288219,,,,-0.0001216280451737473
14.29622,,,,-0.0001216280451737473
14.30422,,,,-0.0001273577202911716
14.312221,,,,-0.0001273577202911716
14.320221,,,,-0.0001273577202911716
14.328221,,,,-0.0001273577202911716
14.336222,,,,-0.0001273577202911716
14.344222,,,,-0.0001216280451737473
14.352222,,,,-0.0001216280451737473
14.360223,,,,-0.0001216280451737473
14.368223,,,,-0.0001216280451737473
14.376224,,,,-0.0001273577202911716
14.384224,,,,-0.0001273577202911716
14.392224,,,,-0.0001273577202911716
14.400225,,,,-0.0001273577202911716
14.408225,,,,-0.0001273577202911716
14.416225,,,,-0.0001273577202911716
14.424226,,,,-0.0001273577202911716
14.432226,,,,-0.0001273577202911716
14.440227,,,,-0.0001273577202911716
14.448227,,,,-0.0001273577202911716
14.456227,,,,-0.0001273577202911716
14.464228,,,,-0.0001273577202911716
14.472228,,,,-0.0001273577202911716
14.480228,,,,-0.0001273577202911716
14.488229,,,,-0.0001273577202911716
14.496229,,,,-0.0001273577202911716
14.50423,,,,-0.0001273577202911716
14.51223,,,,-0.0001273577202911716
14.52023,,,,-0.0001273577202911716
14.528231,,,,-0.0001273577202911716
14.536231,,,,-0.0001273577202911716
14.544231,,,,-0.0001273577202911716
14.552232,,,,-0.0001273577202911716
14.560232,,,,-0.0001273577202911716
14.568233,,,,-0.0001273577202911716
14.576233,,,,-0.0001273577202911716
14.584233,,,,-0.0001273577202911716
14.592234,,,,-0.0001273577202911716
14.600234,,,,-0.0001273577202911716
14.608234,,,,-0.0001273577202911716
14.616235,,,,-0.0001273577202911716
14.624235,,,,-0.0001273577202911716
14.632236,,,,-0.0001273577202911716
14.640236,,,,-0.0001273577202911716
14.648236,,,,-0.0001273577202911716
14.656237,,,,-0.0001273577202911716
14.664237,,,,-0.0001273577202911716
14.672237,,,,-0.0001273577202911716
14.680238,,,,-0.0001273577202911716
14.688238,,,,-0.0001273577202911716
14.696239,,,,-0.0001273577202911716
14.704239,,,,-0.0001273577202911716
14.712239,,,,-0.0001273577202911716
14.72024,,,,-0.0001273577202911716
14.72824,,,,-0.0001273577202911716
14.73624,,,,-0.0001273577202911716
14.744241,,,,-0.0001273577202911716
14.752241,,,,-0.0001273577202911716
14.760242,,,,-0.0001273577202911716
14.768242,,,,-0.0001273577202911716
14.776242,,,,-0.0001273577202911716
14.784243,,,,-0.0001273577202911716
14.792243,,,,-0.0001273577202911716
14.800243,,,,-0.0001273577202911716
14.808244,,,,-0.0001273577202911716
14.816244,,,,-0.0001273577202911716
14.824244,,,,-0.0001273577202911716
14.832245,,,,-0.0001273577202911716
14.840245,,,,-0.0001273577202911716
14.848246,,,,-0.0001273577202911716
14.856246,,,,-0.0001273577202911716
14.864246,,,,-0.0001273577202911716
14.872247,,,,-0.0001273577202911716
14.880247,,,,-0.0001273577202911716
14.888247,,,,-0.0001273577202911716
14.896248,,,,-0.0001273577202911716
14.904248,,,,-0.0001273577202911716
14.912249,,,,-0.0001273577202911716
14.920249,,,,-0.0001273577202911716
14.928249,,,,-0.0001273577202911716
14.93625,,,,-0.0001273577202911716
14.94425,,,,-0.0001273577202911716
14.95225,,,,-0.0001216280451737473
14.960251,,,,-0.0001216280451737473
14.968251,,,,-0.0001216280451737473
14.976252,,,,-0.0001216280451737473
14.984252,,,,-0.0001216280451737473
14.992252,,,,-0.0001216280451737473
15.000253,,,,-0.0001216280451737473
15.008253,,,,-0.0001216280451737473
15.016253,,,,-0.0001216280451737473
15.024254,,,,-0.0001216280451737473
15.032254,,,,-0.0001216280451737473
15.040255,,,,-0.0001216280451737473
15.048255,,,,-0.0001216280451737473
15.056255,,,,-0.0001216280451737473
15.064256,,,,-0.0001216280451737473
15.072256,,,,-0.0001216280451737473
15.080256,,,,-0.0001216280451737473
15.088257,,,,-0.0001216280451737473
15.096257,,,,-0.0001216280451737473
15.104258,,,,-0.0001216280451737473
15.112258,,,,-0.0001216280451737473
15.120258,,,,-0.0001216280451737473
15.128259,,,,-0.0001216280451737473
15.136259,,,,-0.0001216280451737473
15.144259,,,,-0.0001216280451737473
15.15226,,,,-0.0001216280451737473
15.16026,,,,-0.0001216280451737473
15.168261,,,,-0.0001216280451737473
15.176261,,,,-0.0001216280451737473
15.184261,,,,-0.0001216280451737473
15.192262,,,,-0.0001216280451737473
15.200262,,,,-0.0001216280451737473
15.208262,,,,-0.0001216280451737473
15.216263,,,,-0.0001216280451737473
15.224263,,,,-0.0001216280451737473
15.232264,,,,-0.0001216280451737473
15.240264,,,,-0.0001216280451737473
15.248264,,,,-0.0001216280451737473
15.256265,,,,-0.0001216280451737473
15.264265,,,,-0.0001216280451737473
15.272265,,,,-0.0001216280451737473
15.280266,,,,-0.0001216280451737473
15.288266,,,,-0.0001216280451737473
15.296267,,,,-0.0001216280451737473
15.304267,,,,-0.0001216280451737473
15.312267,,,,-0.0001216280451737473
15.320268,,,,-0.0001216280451737473
15.328268,,,,-0.0001216280451737473
15.336268,,,,-0.0001216280451737473
15.344269,,,,-0.0001216280451737473
15.352269,,,,-0.0001216280451737473
15.36027,,,,-0.0001216280451737473
15.36827,,,,-0.0001216280451737473
15.37627,,,,-0.0001216280451737473
15.384271,,,,-0.0001216280451737473
15.392271,,,,-0.0001216280451737473
15.400271,,,,-0.0001216280451737473
15.408272,,,,-0.0001216280451737473
15.416272,,,,-0.0001216280451737473
15.424273,,,,-0.0001216280451737473
15.432273,,,,-0.0001216280451737473
15.440273,,,,-0.0001216280451737473
15.448274,,,,-0.0001216280451737473
15.456274,,,,-0.0001216280451737473
15.464274,,,,-0.0001216280451737473
15.472275,,,,-0.0001216280451737473
15.480275,,,,-0.0001216280451737473
15.488276,,,,-0.0001216280451737473
15.496276,,,,-0.0001216280451737473
15.504276,,,,-0.0001216280451737473
15.512277,,,,-0.0001273577202911716
15.520277,,,,-0.0001273577202911716
15.528277,,,,-0.0001273577202911716
15.536278,,,,-0.0001273577202911716
15.544278,,,,-0.0001273577202911716
15.552279,,,,-0.0001273577202911716
15.560279,,,,-0.0001273577202911716
15.568279,,,,-0.0001273577202911716
15.57628,,,,-0.0001273577202911716
15.58428,,,,-0.0001273577202911716
15.59228,,,,-0.0001273577202911716
15.600281,,,,-0.0001273577202911716
15.608281,,,,-0.0001273577202911716
15.616282,,,,-0.0001273577202911716
15.624282,,,,-0.0001273577202911716
15.632282,,,,-0.0001273577202911716
15.640283,,,,-0.0001273577202911716
15.648283,,,,-0.0001273577202911716
15.656283,,,,-0.0001273577202911716
15.664284,,,,-0.0001273577202911716
15.672284,,,,-0.0001273577202911716
15.680285,,,,-0.0001273577202911716
15.688285,,,,-0.0001216280451737473
15.696285,,,,-0.0001216280451737473
15.704286,,,,-0.0001216280451737473
15.712286,,,,-0.0001216280451737473
15.720286,,,,-0.0001216280451737473
15.728287,,,,-0.0001216280451737473
15.736287,,,,-0.0001216280451737473
15.744287,,,,-0.0001216280451737473
15.752288,,,,-0.0001216280451737473
15.760288,,,,-0.0001216280451737473
15.768289,,,,-0.0001216280451737473
15.776289,,,,-0.0001216280451737473
15.784289,,,,-0.0001216280451737473
15.79229,,,,-0.0001216280451737473
15.80029,,,,-0.0001273577202911716
15.80829,,,,-0.0001273577202911716
15.816291,,,,-0.0001273577202911716
15.824291,,,,-0.0001273577202911716
15.832292,,,,-0.0001273577202911716
15.840292,,,,-0.0001273577202911716
15.848292,,,,-0.0001273577202911716
15.856293,,,,-0.0001273577202911716
15.864293,,,,-0.0001273577202911716
15.872293,,,,-0.0001273577202911716
15.880294,,,,-0.0001273577202911716
15.888294,,,,-0.0001273577202911716
15.896295,,,,-0.0001273577202911716
15.904295,,,,-0.0001273577202911716
15.912295,,,,-0.0001273577202911716
15.920296,,,,-0.0001273577202911716
15.928296,,,,-0.0001273577202911716
15.936296,,,,-0.0001273577202911716
15.944297,,,,-0.0001273577202911716
15.952297,,,,-0.0001273577202911716
15.960298,,,,-0.0001273577202911716
15.968298,,,,-0.0001273577202911716
15.976298,,,,-0.0001273577202911716
15.984299,,,,-0.0001273577202911716
15.992299,,,,-0.0001273577202911716
16.000299,,,,-0.0001273577202911716
16.008299,,,,-0.0001273577202911716
16.016298,,,,-0.0001273577202911716
16.024298,,,,-0.0001273577202911716
16.032297,,,,-0.0001273577202911716
16.040297,,,,-0.0001273577202911716
16.048296,,,,-0.0001273577202911716
16.056295,,,,-0.0001273577202911716
16.064295,,,,-0.0001273577202911716
16.072294,,,,-0.0001273577202911716
16.080294,,,,-0.0001273577202911716
16.088293,,,,-0.0001216280451737473
16.096292,,,,-0.0001216280451737473
16.104292,,,,-0.0001273577202911716
16.112291,,,,-0.0001273577202911716
16.120291,,,,-0.0001273577202911716
16.12829,,,,-0.0001273577202911716
16.13629,,,,-0.0001273577202911716
16.144289,,,,-0.0001273577202911716
16.152288,,,,-0.0001273577202911716
16.160288,,,,-0.0001273577202911716
16.168287,,,,-0.0001273577202911716
16.176287,,,,-0.0001273577202911716
16.184286,,,,-0.0001273577202911716
16.192286,,,,-0.0001216280451737473
16.200285,,,,-0.0001216280451737473
16.208284,,,,-0.0001216280451737473
16.216284,,,,-0.0001216280451737473
16.224283,,,,-0.0001216280451737473
16.232283,,,,-0.0001273577202911716
16.240282,,,,-0.0001273577202911716
16.248281,,,,-0.0001273577202911716
16.256281,,,,-0.0001273577202911716
16.26428,,,,-0.0001273577202911716
16.27228,,,,-0.0001273577202911716
16.280279,,,,-0.0001273577202911716
16.288279,,,,-0.0001273577202911716
16.296278,,,,-0.0001216280451737473
16.304277,,,,-0.0001216280451737473
16.312277,,,,-0.0001216280451737473
16.320276,,,,-0.0001216280451737473
16.328276,,,,-0.0001216280451737473
16.336275,,,,-0.0001216280451737473
16.344275,,,,-0.0001216280451737473
16.352274,,,,-0.0001216280451737473
16.360273,,,,-0.0001216280451737473
16.368273,,,,-0.0001216280451737473
16.376272,,,,-0.0001216280451737473
16.384272,,,,-0.0001216280451737473
16.392271,,,,-0.0001216280451737473
16.40027,,,,-0.0001216280451737473
16.40827,,,,-0.0001216280451737473
16.416269,,,,-0.0001216280451737473
16.424269,,,,-0.0001216280451737473
16.432268,,,,-0.0001216280451737473
16.440268,,,,-0.0001216280451737473
16.448267,,,,-0.0001216280451737473
16.456266,,,,-0.0001216280451737473
16.464266,,,,-0.0001216280451737473
16.472265,,,,-0.0001216280451737473
16.480265,,,,-0.0001273577202911716
16.488264,,,,-0.0001273577202911716
16.496264,,,,-0.0001273577202911716
16.504263,,,,-0.0001273577202911716
16.512262,,,,-0.0001273577202911716
16.520262,,,,-0.0001273577202911716
16.528261,,,,-0.0001273577202911716
16.536261,,,,-0.0001273577202911716
16.54426,,,,-0.0001216280451737473
16.552259,,,,-0.0001216280451737473
16.560259,,,,-0.0001216280451737473
16.568258,,,,-0.0001216280451737473
16.576258,,,,-0.0001216280451737473
16.584257,,,,-0.0001216280451737473
16.592257,,,,-0.0001216280451737473
16.600256,,,,-0.0001216280451737473
16.608255,,,,-0.0001216280451737473
16.616255,,,,-0.0001216280451737473
16.624254,,,,-0.0001216280451737473
16.632254,,,,-0.0001216280451737473
16.640253,,,,-0.0001216280451737473
16.648252,,,,-0.0001216280451737473
16.656252,,,,-0.0001216280451737473
16.664251,,,,-0.0001216280451737473
16.672251,,,,-0.0001216280451737473
16.68025,,,,-0.0001216280451737473
16.68825,,,,-0.0001216280451737473
16.696249,,,,-0.0001216280451737473
16.704248,,,,-0.0001216280451737473
16.712248,,,,-0.0001216280451737473
16.720247,,,,-0.0001216280451737473
16.728247,,,,-0.0001216280451737473
16.736246,,,,-0.0001216280451737473
16.744246,,,,-0.0001216280451737473
16.752245,,,,-0.0001216280451737473
16.760244,,,,-0.0001216280451737473
16.768244,,,,-0.0001216280451737473
16.776243,,,,-0.0001216280451737473
16.784243,,,,-0.0001216280451737473
16.792242,,,,-0.0001216280451737473
16.800241,,,,-0.0001216280451737473
16.808241,,,,-0.0001216280451737473
16.81624,,,,-0.0001216280451737473
16.82424,,,,-0.0001216280451737473
16.832239,,,,-0.0001216280451737473
16.840239,,,,-0.0001216280451737473
16.848238,,,,-0.0001216280451737473
16.856237,,,,-0.0001216280451737473
16.864237,,,,-0.0001216280451737473
16.872236,,,,-0.0001216280451737473
16.880236,,,,-0.0001216280451737473
16.888235,,,,-0.0001216280451737473
16.896235,,,,-0.0001216280451737473
16.904234,,,,-0.0001216280451737473
16.912233,,,,-0.0001216280451737473
16.920233,,,,-0.0001216280451737473
16.928232,,,,-0.0001216280451737473
16.936232,,,,-0.0001216280451737473
16.944231,,,,-0.0001216280451737473
16.95223,,,,-0.0001216280451737473
16.96023,,,,-0.0001216280451737473
16.968229,,,,-0.0001216280451737473
16.976229,,,,-0.0001216280451737473
16.984228,,,,-0.0001216280451737473
16.992228,,,,-0.0001216280451737473
17.000227,,,,-0.0001216280451737473
17.008226,,,,-0.0001216280451737473
17.016226,,,,-0.0001216280451737473
17.024225,,,,-0.0001216280451737473
17.032225,,,,-0.0001216280451737473
17.040224,,,,-0.0001216280451737473
17.048223,,,,-0.0001216280451737473
17.056223,,,,-0.0001216280451737473
17.064222,,,,-0.0001216280451737473
17.072222,,,,-0.0001216280451737473
17.080221,,,,-0.0001216280451737473
17.088221,,,,-0.0001216280451737473
17.09622,,,,-0.0001216280451737473
17.104219,,,,-0.0001216280451737473
17.112219,,,,-0.0001273577202911716
17.120218,,,,-0.0001216280451737473
17.128218,,,,-0.0001216280451737473
17.136217,,,,-0.0001216280451737473
17.144217,,,,-0.0001216280451737473
17.152216,,,,-0.0001216280451737473
17.160215,,,,-0.0001216280451737473
17.168215,,,,-0.0001216280451737473
17.176214,,,,-0.0001216280451737473
17.184214,,,,-0.0001216280451737473
17.192213,,,,-0.0001216280451737473
17.200212,,,,-0.0001216280451737473
17.208212,,,,-0.0001216280451737473
17.216211,,,,-0.0001216280451737473
17.224211,,,,-0.0001216280451737473
17.23221,,,,-0.0001216280451737473
17.24021,,,,-0.0001216280451737473
17.248209,,,,-0.0001216280451737473
17.256208,,,,-0.0001216280451737473
17.264208,,,,-0.0001216280451737473
17.272207,,,,-0.0001216280451737473
17.280207,,,,-0.0001216280451737473
17.288206,,,,-0.0001216280451737473
17.296206,,,,-0.0001216280451737473
17.304205,,,,-0.0001216280451737473
17.312204,,,,-0.0001216280451737473
17.320204,,,,-0.0001216280451737473
17.328203,,,,-0.0001216280451737473
17.336203,,,,-0.0001216280451737473
17.344202,,,,-0.0001216280451737473
17.352201,,,,-0.0001216280451737473
17.360201,,,,-0.0001216280451737473
17.3682,,,,-0.0001216280451737473
17.3762,,,,-0.0001216280451737473
17.384199,,,,-0.0001216280451737473
17.392199,,,,-0.0001216280451737473
17.400198,,,,-0.0001216280451737473
17.408197,,,,-0.0001216280451737473
17.416197,,,,-0.0001216280451737473
17.424196,,,,-0.0001216280451737473
17.432196,,,,-0.0001216280451737473
17.440195,,,,-0.0001216280451737473
17.448195,,,,-0.0001216280451737473
17.456194,,,,-0.0001216280451737473
17.464193,,,,-0.0001216280451737473
17.472193,,,,-0.0001216280451737473
17.480192,,,,-0.0001216280451737473